614 147.447 656.129 -0.156012
599 738.363 582.729 0.321236
607 73.5724 656.11 -0.0856856
598 664.202 583.113 0.165274
606 -0.100516 656.107 -0.126366
596 590.376 582.946 0.0695656
605 -73.7862 656.208 -0.254765
588 515.869 582.89 -0.0520401
570 442.063 583.088 -0.201245
566 368.728 583.09 -0.21419
498 1033.83 510.017 0.147284
558 294.835 582.946 -0.200162
497 959.974 510.261 0.489921
544 221.098 582.962 -0.156427
489 886.426 510.259 0.463564
543 147.26 583.158 -0.0520734
542 73.4458 583.115 0.0262086
486 812.489 510.247 0.507854
540 -0.0120288 583.278 -0.0932488
485 738.324 510.004 0.462266
536 -73.8942 583.282 -0.400415
482 664.272 510.031 0.325444
473 590.633 510.07 0.176121
470 516.064 510.124 0.0138569
469 442.359 510.117 -0.108259
468 368.753 509.957 -0.167746
467 294.61 509.961 -0.114979
466 221.016 510.041 -0.05744
461 147.222 510.05 0.0650668
459 73.4577 510.11 0.0955365
454 1033.8 436.924 0.0835
458 0.00848918 510.193 -0.0487546
441 960.008 436.998 0.485171
456 -74.0089 510.424 -0.464649
438 886.44 436.859 0.594974
437 812.4 436.926 0.567108
436 738.587 437.024 0.504102
435 664.082 437.128 0.390372
434 590.634 437.056 0.255996
429 516.095 437.024 0.0536031
427 442.163 437.181 -0.0876863
426 368.928 437.138 -0.131302
424 294.772 437.241 -0.0743373
423 220.974 437.229 0.000284975
422 147.284 437.238 0.0961637
413 73.3756 437.45 0.148099
411 0.0342087 437.678 -0.0680853
410 -74.2112 437.635 -0.546711
408 1034.07 364.068 0.252042
407 960.093 363.803 0.622996
406 886.219 363.873 0.688131
404 812.382 363.909 0.603884
399 738.301 363.946 0.527625
398 664.407 363.834 0.411645
396 590.884 364.008 0.255088
392 515.948 364.047 0.0417756
378 442.208 364.206 -0.117195
377 368.825 364.254 -0.141595
374 294.64 364.091 -0.0918395
373 220.949 364.316 -0.0220717
372 147.392 364.45 0.121651
371 73.444 364.632 0.162654
370 0.181406 364.784 -0.0623343
367 -74.2435 364.857 -0.590159
366 1033.88 290.913 0.270167
365 960.025 290.895 0.676917
364 886.257 290.859 0.770428
363 812.356 290.877 0.715839
362 738.431 291.12 0.56384
360 664.484 291.187 0.395686
359 590.665 291.457 0.228049
358 516.216 291.347 0.0138758
356 442.221 291.683 -0.119727
350 368.82 291.636 -0.142321
349 294.678 291.693 -0.0823008
348 221.108 291.92 0.0185821
347 147.401 291.765 0.159862
346 73.3632 291.792 0.189375
344 0.0100524 291.882 -0.0619386
343 -74.1256 291.943 -0.573738
308 -74.2639 218.857 -0.594038
310 0.0444692 218.992 -0.0534513
311 73.491 219.002 0.189822
312 147.362 218.566 0.162013
314 221.118 218.535 0.0127095
315 294.808 218.751 -0.0890966
316 369.066 219.041 -0.173577
317 442.533 218.588 -0.132957
318 516.395 218.348 -0.0215382
328 590.658 218.143 0.171361
332 664.409 218.412 0.397815
334 738.901 218.333 0.593444
335 812.475 218.473 0.736455
336 886.033 218.391 0.824149
340 960.066 218.217 0.808111
342 1033.71 218.188 0.398733
244 -74.1298 145.938 -0.571956
245 -0.0191319 145.863 -0.0705572
246 73.4895 145.798 0.152527
247 147.461 145.742 0.103674
249 221.291 145.701 -0.016422
272 294.794 145.358 -0.140469
280 369.044 145.581 -0.200393
284 442.538 145.591 -0.178811
286 516.32 145.725 -0.0422194
287 591.195 145.308 0.153551
288 664.736 145.51 0.372238
296 738.638 145.347 0.526626
300 812.425 145.275 0.680862
302 886.459 145.315 0.833703
303 960.349 145.234 0.831476
304 1034.05 145.178 0.552138
212 -74.2256 73.0791 -0.554418
214 0.118451 73.0651 -0.0330173
215 73.5069 72.9753 0.141959
216 147.451 72.8675 0.139357
218 221.37 72.7594 0.0331056
219 295.106 72.8126 -0.0641091
221 369.177 72.8594 -0.124144
228 442.52 72.8602 -0.108082
230 516.716 72.6286 -0.00251274
231 591.119 72.8772 0.174715
232 664.531 72.8453 0.443412
234 738.307 72.9098 0.491752
235 812.305 72.427 0.607406
237 886.329 72.6409 0.782829
242 960.209 72.6136 0.85504
243 1033.67 72.7244 0.567862
159 -74.3024 0.00993404 -0.600082
168 -0.00289038 0.00255702 -0.084152
172 73.444 -0.422778 0.114645
174 147.557 -0.237835 0.0947622
175 221.23 -0.297446 0.0162971
180 295.301 -0.356737 -0.0560494
182 369.175 -0.318056 -0.118958
183 442.605 -0.385255 -0.0900734
184 516.567 -0.460332 0.030661
186 591.205 -0.355933 0.136591
187 664.931 -0.636301 0.252064
189 738.783 -0.582091 0.411033
111 -74.4012 -72.7024 -0.603984
200 812.185 -0.598453 0.540575
112 -0.0928708 -72.7573 -0.165704
204 885.776 -0.365241 0.749858
116 73.6886 -73.0813 0.0383537
118 147.626 -73.1047 0.0328224
206 960.474 -0.393337 0.827855
119 221.354 -73.0387 -0.00936761
207 1033.65 -0.500753 0.575866
120 295.326 -73.0826 -0.0508333
122 369.594 -73.0191 -0.0803843
123 442.915 -73.1691 -0.0738977
124 516.707 -73.204 0.0271316
32 -74.5077 -145.307 -0.6417
125 591.241 -73.2735 0.107652
48 -0.372604 -145.415 -0.371042
126 664.523 -73.1877 0.16954
56 73.4371 -145.604 -0.168945
127 738.631 -73.6574 0.275066
60 147.522 -145.839 -0.0998012
144 812.458 -73.5436 0.407982
62 221.494 -146.161 -0.0682049
152 886.363 -73.5012 0.614771
63 295.242 -146.064 -0.0661289
156 960.371 -73.4998 0.685895
64 369.681 -146.153 -0.0722129
158 1033.59 -73.5654 0.523422
80 442.965 -146.364 -0.051564
88 517.092 -146.436 0.0083401
92 590.863 -146.691 0.0415839
94 665.039 -146.709 0.0799955
95 738.217 -146.572 0.119179
96 812.312 -146.819 0.212156
104 886.174 -147.033 0.462731
108 960.677 -146.941 0.600975
110 1033.55 -146.523 0.488011
669 886.364 656.263 0.244974
676 960.008 656.043 0.277402
678 1033.99 655.832 0.182137
667 812.451 656.183 0.248811
666 738.345 656.028 0.161135
664 664.226 656.058 0.1359
663 590.608 655.917 0.0203511
662 515.786 656.113 -0.0833175
660 442.102 656.126 -0.154724
652 368.841 656.265 -0.236526
626 294.732 656.056 -0.222227
618 220.995 656.135 -0.215085
603 960.041 583.202 0.336724
604 1033.92 583.076 0.10193
600 812.549 583.245 0.299573
602 886.296 583.131 0.308073
