 32    0.000     0.000     0.088
 48   -0.088    86.486     0.057
 56   -0.286   172.939     0.086
 60   -0.476   259.419     0.108
 62   -0.620   345.893     0.142
 63   -0.747   432.353     0.125
 64   -0.807   518.838     0.076
 80   -0.812   605.345     0.060
 88   -0.794   691.843     0.017
 92   -0.730   778.302    -0.086
 94   -0.664   864.793    -0.191
 95   -0.571   951.282    -0.267
 96   -0.418  1037.722    -0.290
104   -0.119  1124.174    -0.426
108   86.368     0.023     0.056
110   86.212    86.501     0.020
111   86.019   172.942     0.042
112   85.836   259.423     0.068
116   85.696   345.901     0.121
118   85.566   432.337     0.145
119   85.500   518.797     0.132
120   85.486   605.295     0.121
122   85.487   691.814     0.169
123   85.564   778.187    -0.043
124   85.629   864.647    -0.150
125   85.746   951.100    -0.231
126   85.899  1037.527    -0.256
127   86.142  1123.961    -0.327
144  172.768     0.035     0.020
152  172.594    86.525     0.013
156  172.418   172.963     0.031
158  172.214   259.420     0.070
159  172.082   345.880     0.147
168  171.940   432.305     0.195
172  171.868   518.758     0.182
174  171.854   605.224     0.146
175  171.877   691.677     0.100
180  171.923   778.098     0.008
182  171.986   864.542    -0.121
183  172.110   951.024    -0.216
184  172.286  1037.501    -0.205
186  172.430  1123.904    -0.267
187  259.154     0.117    -0.028
189  258.984    86.582    -0.032
200  258.751   173.034    -0.013
204  258.583   259.409     0.046
206  258.422   345.862     0.166
207  258.225   432.295     0.214
212  258.150   518.693     0.185
214  258.181   605.067     0.150
215  258.227   691.517     0.138
216  258.268   777.949     0.027
218  258.346   864.415    -0.082
219  258.447   950.896    -0.167
221  258.565  1037.336    -0.165
228  258.749  1123.805    -0.277
230  345.635     0.126    -0.040
231  345.418    86.586    -0.042
232  345.213   172.946    -0.009
234  345.010   259.480     0.036
235  344.828   345.940     0.137
237  344.635   432.355     0.175
242  344.528   518.792     0.190
243  344.592   604.948     0.159
244  344.656   691.429     0.145
245  344.673   777.845     0.044
246  344.727   864.306    -0.054
247  344.837   950.787    -0.126
249  344.974  1037.215    -0.155
272  345.180  1123.669    -0.281
280  432.118     0.098    -0.047
284  431.839    86.536    -0.062
286  431.631   172.966    -0.001
287  431.399   259.320     0.026
288  431.198   345.784     0.130
296  431.024   432.179     0.186
300  430.967   518.525     0.205
302  431.018   604.972     0.185
303  430.982   691.413     0.138
304  431.023   777.847     0.031
308  431.110   864.307    -0.061
310  431.196   950.759    -0.110
311  431.350  1037.153    -0.152
312  431.613  1123.567    -0.261
314  518.528     0.086    -0.084
315  518.240    86.520    -0.063
316  518.038   172.956    -0.052
317  517.825   259.327     0.061
318  517.644   345.742     0.080
328  517.511   432.095     0.144
332  517.391   518.481     0.204
334  517.380   604.975     0.200
335  517.349   691.451     0.120
336  517.396   777.880     0.021
340  517.462   864.328    -0.054
342  517.552   950.788    -0.118
343  517.702  1037.200    -0.134
344  517.963  1123.546    -0.239
346  604.830     0.123    -0.108
347  604.586    86.535    -0.080
348  604.398   172.938    -0.048
349  604.167   259.357    -0.006
350  603.938   345.706     0.056
356  603.801   432.080     0.126
358  603.701   518.523     0.201
359  603.670   604.986     0.187
360  603.644   691.436     0.112
362  603.675   777.880     0.017
363  603.745   864.337    -0.043
364  603.819   950.764    -0.096
365  603.994  1037.130    -0.114
366  604.208  1123.532    -0.180
367  691.236     0.125    -0.160
370  690.969    86.701    -0.058
371  690.783   172.901    -0.097
372  690.552   259.275    -0.057
373  690.385   345.719     0.039
374  690.181   432.131     0.139
377  690.054   518.544     0.181
378  690.023   605.003     0.189
392  690.013   691.454     0.121
396  690.026   777.883     0.051
398  690.090   864.371    -0.006
399  690.219   950.755    -0.045
404  690.355  1037.142    -0.076
406  690.558  1123.454    -0.138
407  777.602    -0.002    -0.213
408  777.384    86.484    -0.158
410  777.185   172.928    -0.159
411  776.934   259.366    -0.090
413  776.738   345.802     0.015
422  776.534   432.205     0.113
423  776.417   518.598     0.168
424  776.376   605.022     0.144
426  776.368   691.456     0.099
427  776.381   777.830     0.066
429  776.458   864.234     0.037
434  776.588   950.719    -0.004
435  776.724  1037.088    -0.003
436  776.977  1123.458    -0.042
437  863.874    -0.005    -0.242
438  863.725    86.448    -0.206
441  863.534   172.905    -0.173
454  863.311   259.365    -0.099
456  863.054   345.750    -0.003
458  862.944   432.142     0.133
459  862.816   518.553     0.167
461  862.797   605.012     0.143
466  862.785   691.455     0.097
467  862.791   777.871     0.077
468  862.907   864.291     0.080
469  862.997   950.704     0.083
470  863.163  1037.098     0.074
473  863.461  1123.501     0.045
482  950.281    -0.024    -0.298
485  950.117    86.434    -0.234
486  949.952   172.851    -0.233
489  949.755   259.268    -0.123
497  949.554   345.706     0.009
498  949.381   432.115     0.110
536  949.255   518.534     0.177
540  949.230   604.988     0.144
542  949.224   691.416     0.098
543  949.306   777.801     0.106
544  949.315   864.251     0.093
558  949.403   950.696     0.135
566  949.555  1037.115     0.145
570  949.888  1123.518     0.125
588 1036.699    -0.022    -0.343
596 1036.512    86.414    -0.280
598 1036.354   172.863    -0.267
599 1036.168   259.294    -0.175
600 1035.951   345.674    -0.019
602 1035.798   432.063     0.073
603 1035.695   518.548     0.133
604 1035.658   604.982     0.129
605 1035.660   691.387     0.085
606 1035.684   777.794     0.069
607 1035.739   864.253     0.087
614 1035.842   950.652     0.147
618 1036.056  1037.022     0.146
626 1036.318  1123.473     0.116
652 1123.150    -0.000    -0.353
660 1122.900    86.477    -0.323
662 1122.763   172.814    -0.320
663 1122.568   259.230    -0.221
664 1122.339   345.636    -0.085
666 1122.159   432.050     0.011
667 1122.070   518.495     0.070
669 1122.059   605.036     0.079
676 1122.195   691.362     0.068
678 1122.130   777.770     0.085
679 1122.139   864.207     0.107
680 1122.183   950.785     0.049
682 1122.533  1036.936     0.166
683 1122.778  1123.343     0.150
